
=====================================================================================
                              TREINAMENTO DO PERCEPTRON                              
=====================================================================================
| Ciclo |   Entrada (x)   | Esperado |  Soma  | Predito |  Erro  |     Pesos (w)     |
-------------------------------------------------------------------------------------
|   1   |    [1, 0, 0]    |    0     |  0.0   |    1    |   -1   | [-0.1, 0.0, 0.0]  |
|   1   |    [1, 0, 1]    |    0     |  -0.1  |    0    |   0    | [-0.1, 0.0, 0.0]  |
|   1   |    [1, 1, 0]    |    1     |  -0.1  |    0    |   1    |  [0.0, 0.1, 0.0]  |
|   1   |    [1, 1, 1]    |    1     |  0.1   |    1    |   0    |  [0.0, 0.1, 0.0]  |
-------------------------------------------------------------------------------------
|   2   |    [1, 0, 0]    |    0     |  0.0   |    1    |   -1   | [-0.1, 0.1, 0.0]  |
|   2   |    [1, 0, 1]    |    0     |  -0.1  |    0    |   0    | [-0.1, 0.1, 0.0]  |
|   2   |    [1, 1, 0]    |    1     |  0.0   |    1    |   0    | [-0.1, 0.1, 0.0]  |
|   2   |    [1, 1, 1]    |    1     |  0.0   |    1    |   0    | [-0.1, 0.1, 0.0]  |
=====================================================================================

Pesos finais após 2 ciclos: [-0.1, 0.1, 0.0]
